0  -3171
1  -952
2  -225
3  -1210
4  -140
5  -121
6  -368
7  -190
8  -402
9  -212
10  -180
11  -84
12  -452
13  -314
14  -64
15  -75
16  -518
17  -268
18  -370
19  -68
20  -185
21  -37
22  -123
23  -72
24  -65
25  -76
26  -155
27  -42
28  -70
29  -313
30  -33
31  -391
32  -46
33  -406
34  -61
35  -47
36  -286
37  -60
38  -30
39  -61
40  -28
41  -48
42  -47
43  -69
44  -66
45  -287
46  -45
47  -32
48  -39
49  -54
50  -46
51  -30
52  -179
53  -51
54  -148
55  -52
56  -145
57  -59
58  -37
59  -173
60  -65
61  -25
62  -35
63  -143
64  -168
65  -24
66  -33
67  -25
68  -70
69  -22
70  -27
71  -153
72  -26
73  -49
74  -20
75  -51
76  -34
77  -36
78  -34
79  -178
80  -307
81  -20
82  -25
83  -359
84  -28
85  -42
86  -147
87  -150
88  -24
89  -49
90  -21
91  -37
92  -267
93  -275
94  -24
95  -49
96  -27
97  -31
98  -31
99  -25
100  -131
101  -23
102  -42
103  -27
104  -23
105  -40
106  -130
107  -30
108  -23
109  -135
110  -26
111  -25
112  -36
113  -34
114  -25
115  -141
116  -264
117  -19
118  -30
119  -37
120  -18
121  -24
122  -31
123  -31
124  -17
125  -150
126  -28
127  -29
128  -222
129  -20
130  -31
131  -126
132  -35
133  -31
134  -244
135  -25
136  -131
137  -39
138  -36
139  -17
140  -17
141  -13
142  -19
143  -124
144  -36
145  -127
146  -34
147  -32
148  -19
149  -25
150  -25
151  -17
152  -21
153  -130
154  -17
155  -22
156  -42
157  -21
158  -128
159  -19
160  -142
161  -27
162  -21
163  -123
164  -26
165  -129
166  -29
167  -31
168  -38
169  -17
170  -28
171  -19
172  -22
173  -124
174  -127
175  -26
176  -31
177  -144
178  -22
179  -20
180  -20
181  -17
182  -15
183  -31
184  -13
185  -30
186  -21
187  -13
188  -140
189  -17
190  -19
191  -22
192  -28
193  -34
194  -17
195  -228
196  -244
197  -244
198  -17
199  -22
200  -14
201  -16
202  -21
203  -26
204  -15
205  -21
206  -27
207  -123
208  -243
209  -15
210  -14
211  -15
212  -117
213  -29
214  -22
215  -25
216  -126
217  -19
218  -230
219  -13
220  -32
221  -15
222  -15
223  -13
224  -28
225  -17
226  -24
227  -19
228  -17
229  -14
230  -124
231  -27
232  -18
233  -16
234  -13
235  -19
236  -15
237  -15
238  -232
239  -17
240  -118
241  -19
242  -13
243  -13
244  -14
245  -15
246  -31
247  -13
248  -127
249  -22
250  -15
251  -15
252  -17
253  -13
254  -28
255  -17
256  -19
257  -22
258  -234
259  -17
260  -17
261  -440
262  -15
263  -13
264  -23
265  -116
266  -15
267  -13
268  -237
269  -15
270  -13
271  -224
272  -15
273  -242
274  -13
275  -19
276  -124
277  -13
278  -20
279  -16
280  -16
281  -13
282  -13
283  -17
284  -20
285  -15
286  -15
287  -15
288  -15
289  -122
290  -15
291  -14
292  -19
293  -13
294  -134
295  -15
296  -13
297  -15
298  -13
299  -26
300  -13
301  -15
302  -13
303  -13
304  -16
305  -18
306  -119
307  -13
308  -120
309  -17
310  -18
311  -148
312  -13
313  -17
314  -15
315  -13
316  -13
317  -13
318  -13
319  -328
320  -121
321  -15
322  -13
323  -122
324  -15
325  -13
326  -13
327  -13
328  -120
329  -116
330  -15
331  -13
332  -113
333  -13
334  -113
335  -14
336  -27
337  -13
338  -118
339  -13
340  -13
341  -17
342  -13
343  -19
344  -15
345  -13
346  -335
347  -13
348  -15
349  -13
350  -23
351  -13
352  -125
353  -14
354  -15
355  -13
356  -17
357  -121
358  -14
359  -129
360  -13
361  -120
362  -14
363  -113
364  -117
365  -17
366  -327
367  -15
368  -15
369  -121
370  -16
371  -13
372  -13
373  -339
374  -19
375  -15
376  -13
377  -13
378  -13
379  -15
380  -13
381  -17
382  -13
383  -15
384  -15
385  -15
386  -13
387  -130
388  -15
389  -17
390  -17
391  -15
392  -15
393  -13
394  -13
395  -19
396  -15
397  -21
398  -15
399  -13
400  -125
401  -113
402  -21
403  -13
404  -17
405  -13
406  -128
407  -14
408  -19
409  -15
410  -13
411  -13
412  -13
413  -15
414  -17
415  -219
416  -18
417  -22
418  -15
419  -14
420  -13
421  -15
422  -13
423  -20
424  -13
425  -15
426  -122
427  -13
428  -225
429  -13
430  -228
431  -15
432  -13
433  -13
434  -15
435  -23
436  -15
437  -15
438  -13
439  -15
440  -15
441  -119
442  -127
443  -120
444  -18
445  -13
446  -19
447  -20
448  -118
449  -17
450  -118
451  -15
452  -222
453  -552
454  -117
455  -13
456  -15
457  -13
458  -15
459  -13
460  -117
461  -15
462  -15
463  -14
464  -17
465  -13
466  -13
467  -15
468  -25
469  -13
470  -13
471  -22
472  -13
473  -15
474  -13
475  -14
476  -125
477  -13
478  -13
479  -15
480  -15
481  -346
482  -17
483  -13
484  -17
485  -13
486  -220
487  -122
488  -13
489  -13
490  -13
491  -26
492  -125
493  -13
494  -15
495  -13
496  -15
497  -119
498  -125
499  -29
