0  -3020
1  -705
2  -781
3  -631
4  -107
5  -170
6  -157
7  -63
8  -198
9  -117
10  -220
11  -58
12  -137
13  -117
14  -128
15  -345
16  -622
17  -122
18  -91
19  -53
20  -217
21  -82
22  -44
23  -71
24  -163
25  -28
26  -69
27  -242
28  -69
29  -52
30  -39
31  -251
32  -47
33  -55
34  -31
35  -47
36  -37
37  -418
38  -55
39  -57
40  -31
41  -86
42  -140
43  -82
44  -33
45  -40
46  -80
47  -180
48  -31
49  -44
50  -23
51  -55
52  -57
53  -305
54  -29
55  -135
56  -36
57  -33
58  -146
59  -45
60  -139
61  -30
62  -70
63  -36
64  -169
65  -57
66  -157
67  -39
68  -54
69  -48
70  -43
71  -187
72  -71
73  -35
74  -30
75  -31
76  -48
77  -181
78  -142
79  -45
80  -57
81  -29
82  -23
83  -43
84  -43
85  -40
86  -40
87  -57
88  -31
89  -21
90  -29
91  -39
92  -29
93  -33
94  -40
95  -36
96  -23
97  -42
98  -29
99  -25
100  -156
101  -40
102  -31
103  -34
104  -28
105  -35
106  -37
107  -145
108  -25
109  -29
110  -19
111  -31
112  -27
113  -26
114  -33
115  -39
116  -31
117  -21
118  -22
119  -19
120  -25
121  -29
122  -29
123  -29
124  -251
125  -23
126  -25
127  -27
128  -28
129  -31
130  -22
131  -156
132  -128
133  -30
134  -22
135  -36
136  -38
137  -41
138  -23
139  -23
140  -140
141  -33
142  -23
143  -22
144  -19
145  -20
146  -136
147  -19
148  -15
149  -33
150  -139
151  -147
152  -22
153  -30
154  -25
155  -17
156  -145
157  -39
158  -23
159  -31
160  -132
161  -48
162  -35
163  -27
164  -31
165  -24
166  -27
167  -22
168  -35
169  -31
170  -29
171  -25
172  -27
173  -19
174  -21
175  -21
176  -28
177  -21
178  -134
179  -17
180  -29
181  -49
182  -35
183  -19
184  -25
185  -158
186  -29
187  -127
188  -29
189  -21
190  -19
191  -42
192  -19
193  -39
194  -32
195  -25
196  -29
197  -31
198  -44
199  -32
200  -23
201  -33
202  -21
203  -21
204  -25
205  -33
206  -21
207  -25
208  -19
209  -20
210  -27
211  -21
212  -19
213  -23
214  -27
215  -19
216  -19
217  -15
218  -20
219  -25
220  -27
221  -129
222  -17
223  -15
224  -15
225  -130
226  -20
227  -25
228  -27
229  -20
230  -19
231  -23
232  -18
233  -31
234  -21
235  -21
236  -19
237  -19
238  -18
239  -136
240  -19
241  -27
242  -124
243  -17
244  -26
245  -27
246  -140
247  -23
248  -21
249  -23
250  -22
251  -19
252  -15
253  -19
254  -20
255  -19
256  -15
257  -26
258  -23
259  -117
260  -17
261  -19
262  -18
263  -19
264  -21
265  -15
266  -23
267  -15
268  -17
269  -21
270  -17
271  -17
272  -15
273  -17
274  -15
275  -19
276  -22
277  -18
278  -23
279  -25
280  -27
281  -17
282  -21
283  -17
284  -18
285  -15
286  -15
287  -15
288  -242
289  -17
290  -19
291  -17
292  -17
293  -15
294  -15
295  -15
296  -17
297  -125
298  -15
299  -21
300  -15
301  -17
302  -21
303  -122
304  -17
305  -15
306  -19
307  -15
308  -18
309  -19
310  -17
311  -18
312  -17
313  -17
314  -22
315  -17
316  -17
317  -16
318  -118
319  -15
320  -17
321  -22
322  -17
323  -21
324  -17
325  -17
326  -17
327  -15
328  -17
329  -22
330  -23
331  -19
332  -117
333  -16
334  -26
335  -28
336  -15
337  -38
338  -17
339  -15
340  -17
341  -53
342  -25
343  -39
344  -19
345  -21
346  -15
347  -19
348  -17
349  -15
350  -15
351  -20
352  -25
353  -17
354  -21
355  -29
356  -23
357  -20
358  -19
359  -24
360  -19
361  -27
362  -17
363  -21
364  -19
365  -21
366  -117
367  -28
368  -17
369  -17
370  -36
371  -26
372  -120
373  -17
374  -17
375  -23
376  -15
377  -19
378  -15
379  -15
380  -15
381  -17
382  -22
383  -17
384  -17
385  -15
386  -19
387  -17
388  -15
389  -17
390  -123
391  -15
392  -15
393  -20
394  -21
395  -19
396  -19
397  -19
398  -19
399  -27
400  -26
401  -19
402  -30
403  -15
404  -19
405  -19
406  -21
407  -21
408  -21
409  -17
410  -15
411  -19
412  -18
413  -15
414  -26
415  -17
416  -15
417  -21
418  -223
419  -17
420  -17
421  -17
422  -242
423  -20
424  -17
425  -20
426  -31
427  -21
428  -15
429  -15
430  -17
431  -16
432  -24
433  -17
434  -19
435  -119
436  -15
437  -19
438  -33
439  -25
440  -17
441  -20
442  -26
443  -19
444  -17
445  -21
446  -21
447  -17
448  -21
449  -25
450  -17
451  -23
452  -17
453  -34
454  -17
455  -17
456  -22
457  -21
458  -25
459  -21
460  -28
461  -21
462  -21
463  -21
464  -119
465  -17
466  -25
467  -15
468  -26
469  -17
470  -18
471  -17
472  -25
473  -22
474  -20
475  -17
476  -17
477  -15
478  -19
479  -21
480  -21
481  -19
482  -15
483  -15
484  -15
485  -17
486  -15
487  -15
488  -27
489  -22
490  -19
491  -17
492  -19
493  -21
494  -15
495  -17
496  -21
497  -17
498  -16
499  -15
