0  0.5
1  0.500015
3  0.5
5  0.5
7  0.5
9  0.5
11  0.5
14  0.5
15  0.5
16  0.5
19  0.5
21  0.5
22  0.5
27  0.5
29  0.5
32  0.5
33  0.5
34  0.5
38  0.5
42  0.5
44  0.5
45  0.5
46  0.5
48  0.5
50  0.5
52  0.5
55  0.5
57  0.5
58  0.5
63  0.5
64  0.5
66  0.5
68  0.5
70  0.5
76  0.5
81  0.5
83  0.49226
86  0.5
87  0.492667
88  0.5
92  0.5
96  0.5
98  0.5
99  0.499281
100  0.5
102  0.5
104  0.5
106  3.55265e-37
110  0.5
114  0.5
116  0.5
125  0.5
126  0.5
128  0.5
131  0.5
132  0.5
133  0.5
135  0.5
136  0.5
138  0.5
140  0.5
142  0.5
144  0.5
146  0.5
149  0.5
150  0.5
151  0.5
154  0.5
156  0.5
157  0.5
163  0.5
165  0.5
166  0.5
171  0.5
172  0.5
174  0.5
176  0.5
178  0.5
184  0.5
189  0.5
190  0.5
192  0.5
194  0.5
196  0.5
198  0.5
200  0.5
203  0.5
204  0.5
205  0.5
208  0.5
210  0.5
211  0.5
220  0.5
226  0.5
228  0.5
229  0
243  0.500005
245  0.5
248  0.5
249  0.5
250  0.5
254  0.5
258  0.5
260  0.5
261  0.5
262  0.5
264  0.5
266  0.5
268  0.5
272  0.5
276  0.5
278  0.5
287  0.5
288  0.5
290  0.5
293  0.5
294  0.5
295  0.5
297  0.5
298  0.5
300  0.5
302  0.5
304  0.5
306  0.5
308  0.5
311  0.5
312  0.5
313  0.5
316  0.5
318  0.5
319  0.5
326  0.5
330  0.5
332  0.5
341  0.5
342  0.483939
344  0.45
347  0.5
348  0.45
349  0.5
359  0
371  0
375  0
378  0.5
380  0.5
383  0.5
384  0.5
385  0.5
389  0.5
393  0.5
395  0.5
396  0.497935
397  0.5
399  0.5
401  0.5
403  0.5
405  0.5
406  0.5
408  0.5
410  0.5
412  0.5
414  0.5
416  0.5
419  0.5
420  0.5
421  0.5
424  0.5
426  0.5
427  0.5
432  0.5
434  0.5
437  0.5
438  0.5
439  0.5
443  0.5
447  0.5
449  0.5
450  0.5
451  0.5
453  0.5
455  0.5
457  0.5
460  0.5
462  0.5
463  0.5
468  0.5
469  0.5
471  0.5
473  4.24465e-46
475  6.61035e-24
481  0.5
487  0.5
489  0.5
490  0.5
495  0.5
496  0.5
498  0.5
500  0.5
502  0.5
508  0.5
513  0.5
514  0.5
516  0.5
518  0.5
520  0.5
522  0.5
524  0.5
527  0.5
528  0.5
529  0.5
532  0.5
534  0.5
535  0.5
544  0.5
550  0.5
552  0.5
553  0
567  0.5
568  0.5
570  0.5
572  0.5
574  0.5
576  0.5
578  0.5
581  0.5
582  0.5
583  0.5
586  0.5
588  0.5
589  0.5
594  0.5
596  0.5
599  0.5
600  0.5
601  0.5
605  0.5
609  0.5
611  0.5
612  0.5
613  0.5
615  0.5
617  0.5
619  0.5
622  0.5
624  0.5
625  0.5
630  0.5
631  0.5
633  0.5
635  0.5
637  0.5
643  0.5
652  0.5
658  0.5
660  0.5
661  0
676  0.5
678  0.5
679  0.5
684  0.5
685  0.5
687  0.5
689  0.5
691  0.5
697  0.5
729  0.5
731  0.497881
734  0.5
735  0.49471
736  0.5
740  0.5
744  0.5
746  0.5
747  0.49563
748  0.5
750  0.5
752  0.5
754  0.5
758  0.5
762  0.5
764  0.5
773  0.5
774  0.5
776  0.5
779  0.5
780  0.5
781  0
783  0.495321
784  0.5
786  0.5
788  0.5
790  0.5
792  0.5
794  0.5
797  0.5
798  0.5
799  0.5
802  0.5
804  0.5
805  0.5
812  0.5
816  0.477544
818  0.45
827  0
828  0.501719
830  0.5
833  0.5
834  0.448148
835  0.391373
845  0.5
857  0.5
861  0.55
863  1
864  0.5
866  0.5
869  0.5
870  0.45
871  0.5
875  0
879  0
882  0.5
883  0.5
885  0.5
887  0.5
889  0.32805
891  0.498658
892  0.5
894  0.5
896  0.5
898  0.5
900  0.5
902  0.5
905  0.5
906  0.5
907  0.5
910  0.5
912  0.5
913  0.5
918  0.486581
920  0.505045
923  0.5
924  0.45
925  0
929  0.5
933  0.5
935  0.5
936  0.45
937  0
939  0.5
941  0.5
946  0.5
948  0.5
949  0.5
954  0.5
955  0.5
957  0.5
959  0.5
961  0.5
967  0.5
974  0.5
978  0.5
980  0.5
989  0.5
990  0.5
992  0.5
995  0.5
996  0.5
997  0.5
1007  0.5
1019  0.5
1023  0.5
1025  1
1026  0.5
1028  0.5
1031  0.5
1032  0.5
1033  0.5
1037  0.5
1041  0.5
1043  0.5
1044  0.5
1045  0.5
1047  0.5
1049  0.5
1051  0.5
1061  0.5
1073  0.5
1077  0.55
1079  1
1109  0.5
1113  0.5
1115  0.5
1124  0
1125  0.5
1127  0.5
1130  0.5
1131  0.5
1132  0.5
1134  0.50095
1136  0.5
1139  0.5
1140  0.5
1141  0.5
1145  0.5
1149  0.5
1151  0.5
1152  0.5
1153  0.5
1155  0.5
1157  0.5
1159  0.5
1163  0.5
1167  0.5
1169  0.5
1178  0.5
1179  0.5
1181  0.5
1184  0.5
1185  0.5
1186  0
1188  0.5
1189  0.5
1191  0.5
1193  0.5
1195  0.5
1197  0.5
1199  0.5
1202  0.5
1203  0.5
1204  0.5
1207  0.5
1209  0.5
1210  0.5
1215  0.495483
1216  0.5
1218  0.5
1220  0.5
1222  0.5
1224  0.5
1226  0.5
1229  0.5
1230  0.5
1231  0.5
1234  0.5
1236  0.5
1237  0.5
1242  0.5
1244  0.5
1247  0.5
1248  0.5
1249  0
1253  0.5
1257  0.5
1259  0.5
1260  0.5
1261  0
1263  0.5
1265  0.5
1270  0.5
1272  0.5
1273  0.5
1278  0.5
1279  0.5
1281  0.5
1283  0.5
1285  0.5
1291  0.5
1296  0.5
1298  0.5
1301  0.5
1302  0.45
1303  0.5
1307  0
1311  0
1314  0.5
1315  0.5
1317  0.5
1319  0.5
1321  0.32805
1325  0.5
1329  0.5
1331  0.5
1340  0
1341  0.5
1343  0.5
1346  0.5
1347  0.5
1348  0
1350  0.5
1351  0.5
1353  0.5
1355  0.5
1357  0.5
1359  0
1364  0
1366  0
1369  0.5
1371  0.5
1372  0.5
1378  0.5
1380  0.5
1381  0.5
1386  0.5
1387  0.5
1389  0.5
1391  0.5
1393  0.5
1399  0.5
1404  0.45
1405  0
1407  0.5
1409  0.5
1413  0.5
1415  0.5
1418  0.5
1419  0.5
1420  0
1425  0.5
1426  0
1435  1
1441  1
1443  1
1459  0.5
1461  0.5
1462  0.5
1467  0.5
1468  0.5
1470  0.5
1472  0.5
1474  0.5
1480  0.5
1485  0.5
1486  0.5
1488  0.5
1490  0.5
1492  0.5
1494  0.5
1496  0.5
1499  0.5
1500  0.5
1501  0.5
1504  0.5
1506  0.5
1507  0.5
1516  0.5
1522  0.5
1524  0.5
1525  0
1539  0.5
1540  0.5
1542  0.5
1544  0.5
1546  0.5
1548  0.5
1550  0.5
1553  0.5
1554  0.5
1555  0.5
1558  0.5
1560  0.5
1561  0.5
1566  0.5
1568  0.5
1571  0.5
1572  0.5
1573  0.5
1577  0.5
1581  0.5
1583  0.5
1584  0.5
1585  0.5
1587  0.5
1589  0.5
1591  0.5
1594  0.5
1596  0.5
1597  0.5
1602  0.5
1603  0.5
1605  0.5
1607  1
1609  0.5
1615  0.5
1624  0.5
1630  0.5
1632  0.5
1633  0
1648  0.5
1650  0.5
1651  0.5
1656  0.5
1657  0.5
1659  0.5
1661  0.5
1663  0.5
1669  1
1701  0.5
1702  0.5
1704  0.5
1706  0.5
1708  0.5
1710  0.5
1712  0.5
1715  0.5
1716  0.5
1717  0.5
1720  0.5
1722  0.5
1723  0.5
1728  0.5
1730  0.5
1733  0.5
1734  0.5
1735  0.5
1739  0.5
1743  0.5
1745  0.5
1746  0.5
1747  0.5
1749  0.5
1751  0.5
1753  0.5
1756  0.5
1758  0.5
1759  0.5
1764  0.5
1765  0.5
1767  0.5
1769  1
1771  0.5
1777  0.5
1782  0.5
1784  0.5
1787  0.5
1788  0.5
1789  0.5
1793  0.5
1797  0.5
1799  0.5
1800  0.45
1801  0.5
1803  0.5
1805  0.5
1807  0.5
1811  0
1815  0
1826  0
1827  0
1832  0
1834  0
1836  0.5
1837  0.5
1839  0.5
1841  1
1843  0.5
1845  0.5
1847  1
1851  0.5
1852  0.5
1855  0.5
1857  0.5
1858  0.5
1864  0.5
1866  0.5
1867  0.5
1872  0.5
1873  0.5
1875  0.5
1877  0.5
1879  0.5
1885  1
1890  0.5
1891  0.5
1893  0.5
1895  0.5
1897  0.5
1899  0.5
1901  0.5
1904  0.5
1905  0.5
1906  0.5
1909  1
1911  1
1921  0.5
1927  0.5
1929  0.5
1930  0
1948  0.5
1954  0.5
1956  0.5
1957  0
1972  0.5
1974  0.5
1975  0.5
1980  0.5
1981  0.5
1983  0.5
1985  0.5
1987  0.5
1993  0.5
2026  0.5
2028  0.5
2029  0.5
2034  0.5
2035  0.5
2037  0.5
2039  0.5
2041  0.5
2047  0.5
2052  0.5
2053  0.5
2055  0.5
2057  0.5
2059  0.5
2061  0.5
2063  0.5
2066  0.5
2067  0.5
2068  0.5
2071  0.5
2073  0.5
2074  0.5
2083  0.5
2089  0.5
2091  0.5
2092  0
2137  0.5
2143  0.5
2145  0.5
2146  0
2187  0.500005
2189  0.5
2192  0.5
2193  0.5
2194  0.5
2198  0.5
2202  0.5
2204  0.5
2205  0.5
2206  0.5
2208  0.5
2210  0.5
2212  0.5
2216  0.5
2220  0.5
2222  0.5
2231  0.5
2232  0.5
2234  0.5
2237  0.5
2238  0.5
2239  0.5
2241  0.5
2242  0.5
2244  0.5
2246  0.5
2248  0.5
2250  0.5
2252  0.5
2255  0.5
2256  0.5
2257  0.5
2260  0.5
2262  0.5
2263  0.5
2270  0.484815
2274  0.500345
2276  0.5095
2285  0.5
2286  0.503735
2288  0.45
2291  0
2292  0.500444
2293  0.490627
2303  0.5
2315  0.5
2319  0.55
2321  1
2322  0.5
2324  0.45
2327  0
2328  0.5
2329  0.5
2333  0.5
2337  0.5
2339  0.5
2340  0.5
2341  0.5
2343  0
2347  0.45
2349  0.5
2350  0.5
2352  0.5
2354  0.5
2356  0.5
2358  0.5
2360  0.5
2363  0.5
2364  0.5
2365  0.5
2368  0.5
2370  0.5
2371  0.5
2376  0.5
2378  0.5
2381  0.5
2382  0.5
2383  0.5
2387  0.5
2391  0.5
2393  0.5
2394  0.5
2395  0.5
2397  0.5
2399  0.5
2401  0.5
2404  0.5
2406  0.5
2407  0.5
2412  0.5
2413  0.5
2415  0.5
2417  0.5
2419  0.5
2425  0.5
2432  0.5
2436  0.5
2438  0.5
2447  0.5
2448  0.5
2450  0.5
2453  0.5
2454  0.5
2455  0.5
2465  0.5
2477  0.5
2481  0.5
2483  1
2484  0.5
2486  0.5
2489  0.5
2490  0.5
2491  0.5
2495  0.5
2499  0.5
2501  0.5
2502  0.5
2503  0.5
2505  0.5
2507  0.5
2509  0.5
2519  0.55
2531  0.5
2535  0.55
2537  1
2567  0.5
2571  0.5
2573  0.5
2582  0.5
2583  0.5
2585  0.5
2588  0
2589  0.5
2590  0.5
2592  0.5
2594  0.5
2597  0.5
2598  0.5
2599  0.5
2603  0.5
2607  0.5
2609  0.5
2610  0.5
2611  0.5
2613  0.5
2615  0.5
2617  0.5
2621  0.5
2625  0.5
2627  0.5
2636  0.5
2637  0.5
2639  0.5
2642  0.5
2643  0.5
2644  0.5
2646  0.5
2647  0.5
2649  0.5
2651  0.5
2653  0.5
2655  0.5
2657  0.5
2660  0.5
2661  0.5
2662  0.5
2665  0.5
2667  0.5
2668  0.5
2673  0.5
2674  0.5
2676  0.5
2678  0.5
2680  0.5
2682  0.5
2684  0.5
2687  0.5
2688  0.5
2689  0.5
2692  0.5
2694  0.5
2695  0.5
2700  0.5
2702  0.5
2705  0.5
2706  0.5
2707  0.5
2711  0.5
2715  0.5
2717  0.5
2718  0.5
2719  0.5
2721  0.5
2723  0.5
2725  0.5
2728  0.5
2730  0.5
2731  0.5
2736  0.5
2737  0.5
2739  0.5
2741  0.5
2743  0.5
2749  0.5
2754  0.5
2756  0.45
2759  0
2760  0.4995
2761  0.5
2765  0.5
2769  0.5
2771  0.5
2772  0.5
2773  0.5
2775  0
2779  0.45
2783  0.5
2787  0.5
2789  0.5
2798  0.5
2799  0.5
2801  0.5
2804  0
2805  0.5
2806  0.5
2808  0.5
2809  0.5
2811  0
2815  0.5
2817  0.5
2819  0.5
2822  0
2823  0.5
2824  0.5
2827  0.5
2830  0
2836  0.5
2838  0.5
2839  0.5
2844  0.5
2845  0.5
2847  0.5
2849  0.5
2851  0.5
2857  0.5
2862  0.5
2863  0.5
2865  0.5
2867  0.5
2869  0.5
2871  0.5
2873  0.5
2876  0.5
2877  0.5
2878  0.5
2881  0.5
2883  0.5
2884  0.5
2893  1
2899  1
2901  1
2918  0.5
2922  0.5
2924  0.5
2933  0.5
2934  0.5
2936  0.5
2939  0.5
2940  0.5
2941  0.5
2951  0.5
2963  0.5
2967  0.5
2969  1
2970  0.5
2972  0.5
2975  0.5
2976  0.5
2977  0.5
2981  0.5
2985  0.5
2987  0.5
2988  0.5
2989  0.5
2991  0.5
2993  0.5
2995  0.5
3005  0.55
3017  0.5
3021  0.55
3023  1
3053  0.5
3057  0.5
3059  0.5
3068  0
3069  0.5
3071  0.5
3074  0
3075  0.5
3076  0.5
3078  0.5005
3080  0.5
3083  0.5
3084  0.5
3085  0.5
3089  0.5
3093  0.5
3095  0.5
3096  0.5
3097  0.5
3099  0.5
3101  0.5
3103  0.5
3107  0.55
3111  0.5
3113  0.5
3122  0.5
3123  0.5
3125  0.5
3128  0.5
3129  0.5
3130  0
3132  0.5
3133  0.5
3135  0.5
3137  0.5
3139  0.5
3141  0.5
3143  0.5
3146  0.5
3147  0.5
3148  0.5
3151  0.5
3153  0.5
3154  0.5
3167  0.5
3179  0.5
3183  0.5
3185  1
3215  0.5
3219  0.5
3221  0.5
3230  0.5
3231  0.5
3233  0.5
3236  0.5
3237  0.5
3238  0.5
3302  0.5
3314  0.5
3318  0.5
3320  1
3323  0.5
3327  0.5
3329  0.5
3338  0.5
3339  0.5
3341  0.5
3344  0.5
3345  0.5
3346  0.5
3356  0.5
3368  0.5
3372  0.5
3374  1
3375  0.5
3377  0.5
3380  0.5
3381  0.5
3382  0.5
3386  0.5
3390  0.5
3392  0.5
3393  0.5
3394  0.5
3396  0.5
3398  0.5
3400  0.5
3402  0.5
3404  0.5
3407  0.5
3408  0.5
3409  0.5
3413  0.5
3417  0.5
3419  0.5
3420  0.5
3421  0.5
3423  0.5
3425  0.5
3427  0.5
3431  0.5
3435  0.5
3437  0.5
3446  0.5
3447  0.5
3449  0.5
3452  0.5
3453  0.5
3454  0
3456  0.5
3457  0.5
3459  0.5
3461  0.5
3463  0.5
3465  0.5
3467  0.5
3470  0.5
3471  0.5
3472  0.5
3475  0.5
3477  0.5
3478  0.5
3485  0.5
3489  0.5
3491  0.5
3500  0
3501  0.5
3503  0.5
3506  0
3507  0.5
3508  0.5
3518  0.5
3530  0.5
3534  0.5
3536  1
3537  0.5
3539  0.5
3542  0
3543  0.5
3544  0.5
3548  0
3552  0
3555  0.5
3556  0.5
3558  0
3562  0.5
3564  0.5
3565  0.5
3567  0.5
3569  0.5
3571  0.5
3573  0.5
3575  0.5
3578  0.5
3579  0.5
3580  0.5
3583  0.5
3585  0.5
3586  0.5
3591  0.5
3593  0.5
3596  0.5
3597  0.5
3598  0
3602  0.5
3606  0.5
3608  5.78141e-19
3609  0.5
3610  0
3612  0.5
3614  0.5
3619  1
3621  1
3627  1
3632  1
3634  1
3640  1
3645  0.500905
3646  0.5
3648  0.5
3650  0.5
3652  0.5
3654  0.5
3656  0.5
3659  0.5
3660  0.5
3661  0.5
3664  0.5
3666  2.07012e-31
3667  0.5
3672  0.5
3674  0.5
3677  0.5
3678  0.5
3679  0.5
3683  0.5
3687  0.5
3689  0.5
3690  0.5
3691  0.5
3693  0.5
3695  0.5
3697  0.5
3700  0.5
3702  0.5
3703  0.5
3708  0.5
3709  0.5
3711  0.5
3713  1
3715  0.5
3721  0.5
3726  0.5
3728  0.45
3731  0
3732  0.5
3733  0.5
3737  0.5
3741  0.5
3743  0.5
3744  0.4995
3745  0.5
3747  0
3751  0.45
3755  0.5
3759  0.5
3761  0.5
3770  0.5
3771  0.495
3773  0.5
3776  0
3777  0.5
3778  0.5
3780  0.45
3781  0.5
3783  0
3787  0.5
3789  0.5
3791  1
3795  0.55
3796  0.5
3799  0.5
3802  0
3808  0.5
3810  0.5
3811  0.5
3816  0.5
3817  0.5
3819  0.5
3821  0.5
3823  0.5
3829  1
3834  0.5
3835  0.5
3837  0.5
3839  0.5
3841  0.5
3843  0.5
3845  0.5
3848  0.5
3849  0.5
3850  0.5
3853  1
3855  1
3865  0.5
3871  0.5
3873  0.5
3874  0
3888  0.5
3890  0.5
3893  0.5
3894  0.5
3895  0.5
3899  0.5
3903  0.5
3905  0.5
3906  0.5
3907  0.5
3909  0.5
3911  0.5
3913  0.5
3917  0.5
3921  0.5
3923  0.5
3932  0.5
3933  0.5
3935  0.5
3938  0.5
3939  0.5
3940  0.5
3942  0.5
3943  0.5
3945  0.5
3947  1
3949  0.5
3951  0.5
3953  1
3957  0.5
3958  0.5
3961  0.5
3963  0.5
3964  0.5
3971  0.5
3975  0.500146
3977  0.5
3986  0.5
3987  0.5
3989  0.5
3992  0
3993  0.5
3994  0.5
4004  0
4016  0
4020  0
4023  0.5
4025  1
4029  0.506926
4030  0.5
4038  0.55
4040  1
4041  1.48921e-25
4042  0.5
4044  0
4048  0.5
4050  0.5
4051  0.5
4053  0.5
4055  0.5
4057  0.5
4059  0.5
4061  0.5
4064  0.5
4065  0.5
4066  0.5
4069  1
4071  1
4077  0.5
4079  0.5
4082  0.5
4083  0.5
4084  0.5
4088  0.5
4092  0.5
4094  0.5
4095  1
4100  1
4102  1
4105  0.5
4107  0.5
4108  0.5
4113  8.28714e-23
4114  0.5
4116  0.5
4118  1
4120  0.5
4126  1
4132  0.5
4134  0.5
4135  0.5
4140  0.5
4141  0.5
4143  0.5
4145  0.5
4147  0.5
4153  0.5
4158  0.5
4159  0.5
4161  0.5
4163  0.5
4165  0.5
4167  0.5
4169  0.5
4172  0.5
4173  0.5
4174  0.5
4177  0.5
4179  0.5
4180  0.5
4189  0.5
4195  1.0231e-22
4197  0.5
4198  0
4212  0.45
4213  0.5
4215  0
4219  0.5
4221  0.5
4223  0.5
4226  0
4227  0.5
4228  0.5
4231  0.5
4234  0
4239  0.5
4241  0.5
4244  0
4245  0.5
4246  0.5
4250  0.5
4254  0.5
4256  0.5
4257  3.51301e-24
4258  0.5
4260  0
4264  1.42514e-21
4267  0.5
4270  0
4275  0.45
4276  0.5
4278  0
4282  7.9306e-19
4297  0.5
4303  0.5
4305  0.5
4306  0
4321  0.5
4323  0.5
4324  0.5
4329  0.5
4330  0.5
4332  0.5
4334  0.5
4336  0.5
4342  1
4375  0.50015
4377  0.5
4378  0.5
4383  0.5
4384  0.5
4386  0.5
4388  0.5
4390  0.5
4396  0.5
4401  0.5
4402  0.5
4404  0.5
4406  0.5
4408  0.5
4410  0.5
4412  0.5
4415  0.5
4416  0.5
4417  0.5
4420  0.5
4422  0.5
4423  0.5
4432  0.5
4438  0.5
4440  0.5
4441  0
4455  0.5
4456  0.5
4458  0.5
4460  0.5
4462  0.5
4464  0.5
4466  0.5
4469  0.5
4470  0.5
4471  0.5
4474  0.5
4476  0.5
4477  0.5
4482  0.5
4484  0.5
4487  0.5
4488  0.5
4489  0.5
4493  0.5
4497  0.5
4499  0.5
4500  0.5
4501  0.5
4503  0.5
4505  0.5
4507  0.5
4510  0.5
4512  0.5
4513  0.5
4518  0.5
4519  0.5
4521  0.5
4523  5.19254e-26
4525  0.5
4531  0.5
4540  0.5
4546  0.5
4548  0.5
4549  0
4564  0.5
4566  0.5
4567  0.5
4572  0.5
4573  0.5
4575  0.5
4577  0.5
4579  1
4585  0.5
4617  0.5
4618  0.5
4620  0.5
4622  0.5
4624  0.5
4626  0.5
4628  0.5
4631  0.5
4632  0.5
4633  0.5
4636  0.5
4638  0.5
4639  0.5
4644  0.5
4646  0.5
4649  0.5
4650  0.5
4651  0.5
4655  0.5
4659  0.5
4661  0.5
4662  0.5
4663  0.5
4665  0.5
4667  0.5
4669  0.5
4672  0.5
4674  0.5
4675  0.5
4680  0.5
4681  0.5
4683  0.5
4685  0.5
4687  0.5
4693  0.5
4698  0.5
4700  0.5
4703  0.5
4704  0.5
4705  0.5
4709  0.5
4713  0.5
4715  0.5
4716  0.45
4717  0.5
4719  0.5
4721  0.5
4723  0.5
4727  0
4731  0
4742  0
4743  0
4748  0
4750  0
4752  0.5
4753  0.5
4755  0.5
4757  0.5
4759  0.5
4761  0.5
4763  0.5
4766  0.5
4767  0.5
4768  0.5
4771  0.5
4773  0.5
4774  0.5
4780  0.5
4782  0.5
4783  0.5
4788  0.5
4789  0.5
4791  0.5
4793  0.5
4795  1
4801  0.5
4806  0.5
4807  0.5
4809  0.5
4811  0.5
4813  1
4815  0.5
4817  0.5
4820  0.5
4821  1
4825  0.5
4827  0.5
4828  0.5
4837  0.5
4843  0.5
4845  0.5
4846  0
4864  0.5
4870  0.5
4872  0.5
4873  0
4888  0.5
4890  0.5
4891  0.5
4896  0.5
4897  0.5
4899  0.5
4901  0.5
4903  0.5
4909  0.5
4942  0.5
4944  0.5
4945  0.5
4950  0.5
4951  0.5
4953  0.5
4955  0.5
4957  0.5
4963  0.5
4968  0.5
4969  0.5
4971  0.5
4973  0.5
4975  0.5
4977  0.5
4979  0.5
4982  0.5
4983  0.5
4984  0.5
4987  0.5
4989  0.5
4990  0.5
4999  0.5
5005  0.5
5007  0.5
5008  0
5053  0.5
5059  0.5
5061  0.5
5062  0
5103  0.498557
5104  0.5
5106  0.5
5108  0.5
5110  0.5
5112  0.5
5114  0.5
5117  0.5
5118  0.5
5119  0.5
5122  0.5
5124  0.5
5125  0.5
5130  0.5
5132  0.5
5135  0.5
5136  0.5
5137  0
5141  0.5
5145  0.5
5147  0.5
5148  0.5
5149  0
5151  0.5
5153  0.5
5158  0.5
5160  0.5
5161  0.5
5166  0.5
5167  0.5
5169  0.5
5171  0.5
5173  0.5
5179  0.5
5184  0.485571
5186  0.45
5189  0.5
5190  0.45
5191  0.5
5195  0
5199  0
5202  0.499492
5203  0.5
5205  0.5
5207  0.5
5209  0.32805
5213  0.5
5217  0.5
5219  0.5
5228  0
5229  0.5
5231  0.5
5234  0.5
5235  0.5
5236  0
5238  0.45
5239  0.5
5241  0.5
5243  0.5
5245  0.5
5247  0
5252  0
5254  0
5257  0.5
5259  0.5
5260  0.5
5266  0.5
5268  0.5
5269  0.5
5274  0.5
5275  0.5
5277  0.5
5279  0.5
5281  1
5287  0.5
5292  0.45
5293  0
5295  0.5
5297  0.5
5301  0.5
5303  0.5
5306  0.5
5307  1
5313  0.5
5314  0
5323  0.5
5329  0.5
5331  0.5
5332  0
5346  0.5005
5348  0.5
5351  0.5
5352  0.5
5353  0.5
5357  0.5
5361  0.5
5363  0.5
5364  0.5
5365  0.5
5367  0.5
5369  0.5
5371  0.5
5375  0.5
5379  0.5
5381  0.5
5390  0.5
5391  0.5
5393  0.5
5396  0.5
5397  0.5
5398  0
5400  0.5
5401  0.5
5403  0.5
5405  0.5
5407  0.5
5409  0.5
5411  0.5
5414  0.5
5415  0.5
5416  0.5
5419  0.5
5421  0.5
5422  0.5
5429  0.5
5433  0.5
5435  0.5
5444  0
5445  0.494959
5447  0.5
5450  0.5
5451  0.45
5452  0.5
5462  0
5474  0
5478  0
5481  0.5
5483  0.5
5486  0.5
5487  0.5
5488  0.5
5492  0
5496  0
5499  0.49955
5500  0.5
5502  0.5
5504  0.5
5506  0.5
5508  0.505
5509  0.5
5511  0.5
5513  0.5
5515  1
5517  0.5
5519  0.5
5522  0.5
5523  1
5527  0.5
5529  0.5
5530  0.5
5535  0.55
5537  0.5
5540  0.5
5541  1
5546  0.5
5552  1
5553  0.5
5554  0
5556  0.5
5558  0.5
5563  0.5
5565  0.5
5566  0.5
5571  3.57471e-16
5572  0.5
5574  0.5
5576  0.5
5578  1
5584  0.5
5590  0.5
5592  0.5
5593  0.5
5598  0.5
5599  0.5
5601  0.5
5603  0.5
5605  0.5
5611  0.5
5616  0.5
5617  0
5619  0.5
5621  0.5
5625  0.5
5627  0.5
5630  0.5
5631  0.5
5632  0
5637  0.5
5638  0
5647  0.5
5653  0.5
5655  0.5
5656  0
5670  0.45
5671  0.5
5673  0.5
5675  0.5
5677  0.5
5679  0
5684  0
5686  0
5689  0.5
5691  0.5
5692  0.5
5697  0.5
5699  4.48147e-15
5702  0.5
5703  0.5
5704  0
5708  0
5712  0
5715  0.5
5716  0
5718  0.5
5720  0.5
5725  0.5
5727  0.5
5728  0.5
5734  0
5736  0
5746  0.5
5755  0.5
5761  0.5
5763  0.5
5764  0
5781  0.5
5782  0
5787  0.5
5788  0
5790  0.5
5792  0.5
5836  0.5
5842  0.5
5844  0.5
5845  0
5860  0.5
5862  0.5
5863  0.5
5868  0.5
5869  0.5
5871  0.5
5873  0.5
5875  0.5
5881  0.5
5914  0.5
5916  0.5
5917  0.5
5922  0.5
5923  0.5
5925  0.5
5927  0.5
5929  0.5
5935  0.5
5940  0.5
5941  0.5
5943  0.5
5945  0.5
5947  0.5
5949  0.5
5951  0.5
5954  0.5
5955  0.5
5956  0.5
5959  0.5
5961  0.5
5962  0.5
5971  0.5
5977  0.5
5979  0.5
5980  0
6025  0.5
6031  0.5
6033  0.5
6034  0
6076  0.5
6078  0.5
6079  0.5
6084  0.5
6085  0.5
6087  0.5
6089  0.5
6091  0.5
6097  0.5
6102  0.5
6103  0.5
6105  0.5
6107  0.5
6109  0.5
6111  0.5
6113  0.5
6116  0.5
6117  0.5
6118  0.5
6121  0.5
6123  0.5
6124  0.5
6133  0.5
6139  0.5
6141  0.5
6142  0
6156  0.5
6157  0.5
6159  0.5
6161  0.5
6163  0.5
6165  0.5
6167  0.5
6170  0.5
6171  0.5
6172  0.5
6175  0.5
6177  0.5
6178  0.5
6183  0
6188  0
6190  0
6194  0
6198  0
6202  0
6204  0
6211  0.5
6213  0.5
6214  0.5
6219  0.5
6220  0.5
6222  0.5
6224  1
6226  0.5
6232  2.07868e-17
6241  0.5
6247  0.5
6249  0.5
6250  0
6265  0.5
6267  0.5
6268  0.5
6273  0.5
6274  0.5
6276  0.5
6278  0.5
6280  1
6286  1
6349  0.5
6355  0.5
6357  0.5
6358  0
6403  0.5
6409  0.5
6411  0.5
6412  0
6427  0.5
6429  0.5
6430  0.5
6435  0.5
6436  0.5
6438  0.5
6440  0.5
6442  0.405
6448  1.73621e-15
6561  0.502201
6563  0.5
6566  0.5
6567  0.5
6568  0.5
6572  0.5
6576  0.5
6578  0.5
6579  0.495968
6580  0.5
6582  0.5
6584  0.5
6586  0.5
6590  0.5
6594  0.5
6596  0.5
6605  0.5
6606  0.5
6608  0.5
6611  0.5
6612  0.5
6613  0.5
6615  0.5
6616  0.5
6618  0.5
6620  0.5
6622  0.5
6624  0.5
6626  0.5
6629  0.5
6630  0.5
6631  0.5
6634  0.5
6636  0.5
6637  0.5
6644  0.500455
6648  0.500851
6650  0.512528
6659  0.4905
6660  0.500508
6662  0.509138
6665  0.5
6666  0.45
6667  0
6677  0.55
6689  0.55
6693  0.5
6695  1
6696  0.485366
6698  0.465612
6701  0.5
6702  0.45
6703  0
6707  0.5
6711  0.5
6713  0.5
6714  0.45
6715  0
6717  0.5
6719  0.5
6723  0.501539
6724  0.504073
6726  0.503523
6728  0.5
6730  0.5
6732  0.503686
6734  0.5
6737  0.5
6738  0.5
6739  0.5
6742  0.5
6744  0.5
6745  0.5
6750  0.50372
6752  0.5
6755  0.5
6756  0.5
6757  0.5
6761  0.5
6765  0.5
6767  0.5
6768  0.5
6769  0.5
6771  0.5
6773  0.5
6775  0.5
6778  0.5
6780  0.5
6781  0.5
6786  0.5
6787  0.5
6789  0.5
6791  0.5
6793  0.5
6799  0.5
6806  0.5
6810  0.5
6812  0.5
6821  0
6822  0.500414
6824  0.5
6827  0.5
6828  0.5
6829  0.5
6839  0.5
6851  0.5
6855  0.5
6857  1
6858  0.5
6860  0.5
6863  0.5
6864  0.5
6865  0.5
6869  0
6873  0
6876  0.5
6877  0.5
6879  0.5
6881  0.5
6883  6.90753e-28
6893  0.55
6905  0.55
6909  0.5
6911  1
6941  0.5
6945  0.5
6947  0.5
6956  0
6957  0.49195
6959  0.505
6962  0.5
6963  0.45
6964  0
6966  0.504222
6968  0.5
6971  0.5
6972  0.5
6973  0.5
6977  0
6981  0
6984  0.512589
6985  0.55
6987  0.55
6989  0.5
6991  0.5
6995  0.5
6999  0.5
7001  0.5
7010  0
7011  0.55
7013  0.5
7016  0.5
7017  0.5
7018  0.5
7020  0.5
7021  0.5
7023  0.5
7025  0.5
7027  0.5
7029  0
7034  0
7036  0
7039  0.5
7041  0.5
7042  0.5
7047  0.495927
7048  0.5
7050  0.5
7052  0.5
7054  0.5
7056  0.5
7058  0.5
7061  0.5
7062  0.5
7063  0.5
7066  0.5
7068  0.5
7069  0.5
7074  0.5
7076  0.5
7079  0.5
7080  0.5
7081  0.5
7085  0.5
7089  0.5
7091  0.5
7092  0.5
7093  0.5
7095  0.5
7097  0.5
7099  0.5
7102  0.5
7104  0.5
7105  0.5
7110  0.5
7111  0.5
7113  0.5
7115  0.5
7117  0.5
7123  0.5
7128  0.487868
7130  0.476998
7133  0.5
7134  0.45
7135  0
7139  0.5
7143  0.5
7145  0.5
7146  0.45
7147  0
7149  0.5
7151  0.5
7157  0.5
7161  0.5
7163  0.5
7172  0.5
7173  0.5
7175  0.5
7178  0.5
7179  0.5
7180  0
7182  0.45
7183  0
7185  0.5
7187  0.5
7191  0.5
7193  0.5
7196  0.5
7197  0.5
7198  0
7203  0.5
7204  0
7210  0.5
7212  0.5
7213  0.5
7218  0.51119
7219  0.55
7221  0.55
7223  0.5
7225  0.5
7231  0.5
7236  0.5
7237  0.5
7239  0.5
7241  0.5
7243  0.5
7245  0.501276
7247  0.5
7250  0.5
7251  0.5
7252  0.5
7255  0.5
7257  0.5
7258  0.5
7267  1
7273  1
7275  1
7292  0.478806
7296  0.5
7298  0.45
7307  0.5
7308  0.488632
7310  0.45
7313  0.5
7314  0.45
7315  0.5
7325  0.5
7337  0.5
7341  0.5
7343  1
7344  0.487855
7346  0.45
7349  0.5
7350  0.45
7351  0.5
7355  0.5
7359  0.5
7361  0.5
7362  0.45
7363  0.5
7365  0.5
7367  0.5
7369  3.90335e-24
7379  0.55
7391  0.55
7395  0.55
7397  1
7427  0.416325
7431  0.5
7433  0.3645
7442  0
7443  0.5
7445  0.3645
7448  0.5
7449  0.5
7450  0
7452  0.500774
7454  0.45
7457  0.5
7458  0.5
7459  0.5
7463  0.5
7467  0.5
7469  0.5
7470  0.45
7471  0.5
7473  0.5
7475  0.5
7477  0.5
7481  0.5005
7485  0.5
7487  0.5
7496  0.5
7497  0.5
7499  0.5
7502  0.5
7503  0.5
7504  0
7506  0.45
7507  0.5
7509  0.5
7511  0.5
7513  0.5
7515  0.5
7517  0.5
7520  0.5
7521  0.5
7522  0.5
7525  0.5
7527  0.5
7528  0.5
7541  0.5
7553  0.5
7557  0.5
7559  1
7589  0.5
7593  0.5
7595  0.5
7604  0
7605  0.5
7607  0.5
7610  0.5
7611  0.5
7612  0.5
7676  0.5
7688  0.5
7692  0.5
7694  1
7697  0.5
7701  0.5
7703  0.5
7712  0
7713  0.501312
7715  0.5
7718  0.5
7719  0.5
7720  0.5
7730  0.5
7742  0.5
7746  0.5
7748  1
7749  0.5
7751  0.5
7754  0.5
7755  0.5
7756  0.5
7760  0
7764  0
7767  0.5
7768  0.5
7770  0.5
7772  1.22744e-17
7774  0.5
7776  0.491616
7778  0.45
7781  0.5
7782  0.45
7783  0.5
7787  0.5
7791  0.5
7793  0.5
7794  0.45
7795  0.5
7797  0.5
7799  0.5
7801  0.5
7805  0.5
7809  0.5
7811  0.5
7820  0.5
7821  0.5
7823  0.5
7826  0.5
7827  0.5
7828  0
7830  0.45
7831  0.5
7833  0.5
7835  0.5
7837  0.5
7839  0.5
7841  0.5
7844  0.5
7845  0.5
7846  0.5
7849  0.5
7851  0.5
7852  0.5
7859  0.5
7863  0.5
7865  0.5
7874  0
7875  0.5
7877  0.5
7880  0.5
7881  0.5
7882  0
7892  0.5
7904  0.5
7908  0.5
7910  1
7911  0.5
7913  0.3645
7916  0.5
7917  0.5
7918  0
7922  0
7926  0
7929  0.5
7930  0
7932  0.5
7934  0.5
7938  0.45
7939  0.5
7941  0.5
7943  0.5
7945  0.5
7947  0.55
7949  0.5
7952  0.5
7953  0.5
7954  0.5
7957  0.5
7959  0.5
7960  0.5
7965  0.5
7967  0.5
7970  0.5
7971  0.5
7972  0
7976  0.5
7980  0.5
7982  0.5
7983  0.5
7984  0
7986  0.5
7988  0.5
7993  1
7995  1
8001  1
8006  1
8008  1
8014  1
8019  0.495983
8020  0.5
8022  0.5
8024  0.5
8026  0.5
8028  0.5
8030  0.5
8033  0.5
8034  0.5
8035  0.5
8038  0.5
8040  0.5
8041  0.5
8046  0.5
8048  0.5
8051  0.5
8052  0.5
8053  0.5
8057  0.5
8061  0.5
8063  0.5
8064  0.5
8065  0.5
8067  0.5
8069  0.5
8071  0.5
8074  0.5
8076  0.5
8077  0.5
8082  0.5
8083  0.5
8085  0.5
8087  1
8089  0.5
8095  0.5
8100  0.5
8102  0.5
8105  0.5
8106  0.5
8107  0
8111  0.5
8115  0.5
8117  0.45
8118  0.45
8119  0
8121  0.5
8123  0.5
8129  0.5
8133  0.5
8135  0.4595
8144  0.5
8145  0.5
8147  0.455
8150  0.5
8151  6.14742e-15
8152  0
8154  0.45
8155  0
8157  0.5
8159  1
8163  0.5
8165  1
8169  0.5
8170  0
8175  0.5
8176  0
8182  0.5
8184  0.511695
8185  0.5
8190  0.45
8191  0.5
8193  0.495
8195  0.5
8197  0.5
8203  1
8208  0.5
8209  0.5
8211  0.55
8213  0.5
8215  0.5
8217  0.5
8219  0.5
8222  0.5
8223  0.5
8224  0.5
8227  1
8229  1
8239  0.5
8245  0.5
8247  0.5
8248  0
8262  0.482805
8264  0.45
8267  0.5
8268  0.45
8269  0.5
8273  0
8277  0
8280  0.4995
8281  0.5
8283  0.5
8285  0.5
8287  0.5
8291  0.5
8295  0.5
8297  0.5
8306  0
8307  0.5
8309  0.5
8312  0.5
8313  0.5
8314  0.5
8316  0.45
8317  0.5
8319  0.5
8321  1
8323  0.5
8325  0
8332  0
8335  0.5
8337  0.5
8338  0.5
8345  0.55
8349  0.5
8351  0.5
8360  0
8361  0.495
8363  0.45
8366  0.5
8367  0.5
8368  0
8378  0
8390  0
8394  0
8397  0.5
8399  1
8403  0.5
8404  0
8412  0
8415  0.45
8416  0
8418  0.5
8420  1
8424  0.45
8425  0.5
8427  0.55
8429  0.5
8431  0.5
8433  0
8438  0
8440  0
8443  1
8445  1
8451  0.5
8453  0.5
8456  0.5
8457  0.5
8458  0.5
8462  0
8466  0
8469  1
8474  1
8476  1
8479  0.5
8481  0.5
8482  0.5
8488  0
8490  0
8500  1
8506  0.5
8508  0.5
8509  0.5
8514  0.5
8515  0.5
8517  0.5
8519  0.5
8521  0.5
8527  0.5
8532  0.5
8533  0.5
8535  0.5
8537  0.5
8539  0.5
8541  0.5
8543  0.5
8546  0.5
8547  0.5
8548  0.5
8551  0.5
8553  0.5
8554  0.5
8563  0.5
8569  0.5
8571  0.5
8572  0
8586  0.45
8587  0
8589  0.5
8591  0.5
8595  0.5
8597  0.5
8600  0.5
8601  0.5
8602  0
8607  0.5
8608  0
8613  0.5
8615  0.5
8618  0.5
8619  0.5
8620  0
8624  0.5
8628  0.5
8630  0.5
8631  0.5
8632  0
8634  0.5
8636  0.45
8643  0.5
8644  0
8649  0.5
8650  0
8652  0.5
8654  1
8671  0.5
8677  0.5
8679  0.5
8680  0
8695  0.5
8697  0.5
8698  0.5
8703  0.5
8704  0.5
8706  0.5
8708  0.5
8710  0.5
8716  1
8750  0.5005
8754  0.482772
8756  0.5
8765  0.5
8766  0.5005
8768  0.5
8771  0.5
8772  0.45
8773  0.5
8783  0.5
8795  0.5
8799  0.5
8801  1
8802  0.5005
8804  0.5
8807  0.5
8808  0.45
8809  0.5
8813  0.5
8817  0.5
8819  0.5
8820  0.5
8821  0.5
8823  0.5
8825  0.5
8827  0.5
8837  0.55
8849  0.55
8853  0.55
8855  1
8885  0.55
8889  0.495
8891  0.5
8900  0.5
8901  0.5
8903  0.5
8906  0
8907  0.5
8908  0
8910  0.503506
8912  0.5
8915  0.5
8916  0.45
8917  0.5
8921  0.5
8925  0.5
8927  0.5
8928  0.5
8929  0.5
8931  0.5
8933  0.5
8935  0.5
8939  0.5
8943  0.5
8945  0.5
8954  0.5
8955  0.5
8957  0.5
8960  0.5
8961  0.5
8962  0.5
8964  0.5
8965  0.5
8967  0.5
8969  0.5
8971  0.5
8973  0.5
8975  0.5
8978  0.5
8979  0.5
8980  0.5
8983  0.5
8985  0.5
8986  0.5
8999  0.5
9011  0.5
9015  0.5
9017  1
9047  0.5
9051  0.5
9053  0.5
9062  0
9063  0.5
9065  0.5
9068  0.5
9069  0.5
9070  0.5
9134  0.5
9146  0.55
9150  0.5
9152  1
9155  0.5
9159  0.5
9161  0.5
9170  0
9171  0.55
9173  0.5
9176  0.5
9177  0.5
9178  0.5
9188  0.5
9200  0.5
9204  0.5
9206  1
9207  0.5
9209  0.5
9212  0.5
9213  0.5
9214  0.5
9218  0
9222  0
9225  0.5
9226  0.5
9228  0.5
9230  1.19034e-19
9232  0.5
9234  0.482805
9236  0.45
9239  0.5
9240  0.45
9241  0.5
9245  0.5
9249  0.5
9251  0.5
9252  0.45
9253  0.5
9255  0.5
9257  0.5
9259  0.5
9263  0.5
9267  0.5
9269  0.5
9278  0.5
9279  0.5
9281  0.5
9284  0.5
9285  0.5
9286  0.5
9288  0.45
9289  0.5
9291  0.5
9293  0.5
9295  0.5
9297  0.5
9299  0.5
9302  0.5
9303  0.5
9304  0.5
9307  0.5
9309  0.5
9310  0.5
9317  0.438654
9321  0.495
9323  0.405
9332  0.5
9333  0.5
9335  0.405
9338  0
9339  0.5
9340  0
9350  0.5
9362  0.5
9366  0.5
9368  1
9369  0.5
9371  0.3645
9374  0
9375  0.45
9376  0
9380  0.5
9384  0.5
9386  2.76523e-19
9387  0.5
9388  0
9390  0
9396  0.45
9397  0.5
9399  0.5
9401  0.5
9403  0.5
9405  0.55
9407  0.5
9410  0.5
9411  0.5
9412  0.5
9415  0.5
9417  0.5
9418  0.5
9423  0.5
9425  0.5
9428  0.5
9429  0.5
9430  0.5
9434  0.5
9438  0.5
9440  0.5
9441  0.5
9442  0.5
9444  0.5
9446  3.36187e-20
9448  0.5
9451  1
9453  1
9459  1
9464  1
9466  1
9472  1
9485  0
9497  0
9501  0
9533  0
9537  0
9548  0
9549  0
9554  0
9556  0
9620  0
9632  0
9636  0
9641  0
9645  0
9656  0
9657  0
9662  0
9664  0
9674  0
9686  0
9690  0
9693  0
9698  0
9700  0
9704  0
9708  0
9712  0
9714  0
9782  0
9794  0
9798  0
9890  0
9902  0
9906  0
9938  0
9942  0
9953  0
9954  0
9959  0
9961  0
9965  0
9969  0
9980  0
9981  0
9986  0
9988  0
9998  0
10010  0
10014  0
10017  0
10022  0
10024  0
10028  0
10032  0
10036  0
10038  0
10052  0
10064  0
10068  0
10100  0
10104  0
10115  0
10116  0
10121  0
10123  0
10125  0
10130  0
10132  0
10136  0
10140  0
10144  0
10146  0
10154  0
10158  0
10169  0
10170  0
10175  0
10177  0
10206  0.500905
10208  0.505
10211  0.5
10212  0.4995
10213  0.5
10217  0.5
10221  0.5
10223  0.5
10224  0.505
10225  0.5
10227  0.5
10229  0.5
10231  0.5
10235  0.5
10239  0.5
10241  0.5
10250  0.5
10251  0.5
10253  0.5
10256  0.5
10257  0.5
10258  0.5
10260  0.505
10261  0.5
10263  0.5
10265  1
10267  0.5
10269  0.5
10271  1
10275  0.5
10276  0.5
10279  0.5
10281  0.5
10282  0.5
10289  0.55
10293  0.49829
10295  0.524525
10304  0.55
10305  0.5
10307  0.5
10310  0
10311  0.45
10312  0
10322  0.55
10334  0.5
10338  0.5
10340  1
10341  0.5
10343  1
10347  0.45
10348  0
10356  0.5
10358  1
10359  0.5
10360  0
10362  0
10368  0.55
10369  0.5
10371  0.55
10373  0.5
10375  0.5
10377  0.5
10379  0.5
10382  0.5
10383  0.5
10384  0.5
10387  1
10389  1
10395  0.55
10397  0.5
10400  0.5
10401  0.5
10402  0.5
10406  0.5
10410  0.5
10412  0.5
10413  1
10418  1
10420  1
10423  0.5
10425  0.5
10426  0.5
10431  0.5
10432  0.5
10434  0.5
10436  1
10438  0.5
10444  1
10451  0.55
10455  0.495
10457  0.5
10466  0
10467  0.55
10469  0.5
10472  0.5
10473  0.5
10474  0.5
10484  0.5
10496  0.5
10500  0.5
10502  1
10503  0.55
10505  1
10509  0.5
10510  0.5
10518  0
10521  0.5
10522  0.5
10524  0.5
10526  1
10528  0.5
10538  0.595
10550  0.5
10554  0.5
10556  1
10590  0.55
10592  1
10602  0.5
10604  1
10608  0.5
10609  0
10611  0.55
10613  0.5
10616  0.5
10617  0.45
10618  0.5
10622  0
10626  0
10629  1
10634  1
10636  1
10640  0.5
10644  0.5
10646  0.5
10655  0
10658  1
10662  1
10665  0.5
10666  0.5
10668  0.5
10670  1
10672  0.5
10674  0
10681  0
10684  1
10686  1
10692  0.4995
10693  0.5
10695  0.5
10697  0.5
10699  0.5
10701  0.5
10703  0.5
10706  0.5
10707  0.5
10708  0.5
10711  0.5
10713  0.5
10714  0.5
10719  0.5
10721  0.5
10724  0.5
10725  0.5
10726  0.5
10730  0.5
10734  0.5
10736  0.5
10737  0.5
10738  0.5
10740  0.5
10742  1.07131e-19
10744  0.5
10747  0.5
10749  0.5
10750  0.5
10755  0.5
10756  0.5
10758  0.5
10760  1
10762  0.5
10768  0.5
10773  0.495
10775  0.3645
10778  0
10779  0.45
10780  0
10784  0.5
10788  0.5
10790  0.5
10791  0.5
10792  0
10794  0
10802  0.5
10806  0.5
10808  0.5
10817  0.5
10818  0.5
10820  0.215234
10823  0
10824  5.36545e-17
10825  0
10827  0.45
10828  0
10830  0
10836  0.5
10838  1
10842  0.5
10843  0
10849  0
10855  0.5
10857  0.5
10858  0.5
10863  0.5
10864  0.5
10866  0.5
10868  0.5
10870  0.5
10876  1
10881  0.5
10882  0.5
10884  0.5
10886  0.5
10888  0.5
10890  0.5
10892  0.5
10895  0.5
10896  0.5
10897  0.5
10900  1
10902  1
10912  1
10918  1
10920  1
10935  0.495983
10936  0.501498
10938  0.5
10940  0.5
10942  0.5
10944  0.5
10946  0.5
10949  0.5
10950  0.5
10951  0.5
10954  0.5
10956  0.5
10957  0.5
10962  0.5
10964  0.5
10967  0.5
10968  0.5
10969  0.5
10973  0.5
10977  0.5
10979  0.5
10980  0.5
10981  0.5
10983  0.5
10985  0.5
10987  0.5
10990  0.5
10992  0.5
10993  0.5
10998  0.5
10999  0.5
11001  0.5
11003  0.5
11005  0.5
11011  0.5
11016  0.481392
11018  0.456287
11021  0.5
11022  0.45
11023  0
11027  0.5
11031  0.5
11033  0.45
11034  0.45
11035  0
11037  0.5
11039  0.5
11045  0.5
11049  0.5
11051  0.5
11060  0.5
11061  0.5
11063  0.5
11066  0.5
11067  0.5
11068  0
11070  0.45
11071  0
11073  0.5
11075  0.5
11079  0.5
11081  0.5
11084  0.5
11085  0.5
11086  0
11091  0.5
11092  0
11098  0.514976
11100  0.499995
11101  0.495
11106  0.45
11107  0.55
11109  0.5
11111  0.5
11113  1
11119  0.5
11124  0.505935
11125  0.55
11127  0.500732
11129  0.5
11131  1
11133  0.55
11135  0.5
11138  0.5
11139  1
11143  0.5
11145  0.5
11146  0.5
11155  0.5
11161  0.5
11163  1.44718e-20
11164  0
11178  0.482805
11180  0.45
11183  0.5
11184  0.45
11185  0.5
11189  0
11193  0
11196  0.4995
11197  0.5
11199  0.5
11201  0.5
11203  0.5
11207  0.5
11211  0.5
11213  0.5
11222  0
11223  0.5
11225  0.5
11228  0.5
11229  0.5
11230  0.5
11232  0.5
11233  0.5
11235  0.5
11237  0.5
11239  0.5
11241  0
11246  0
11248  0
11251  0.5
11253  0.5
11254  0.5
11261  0.406227
11265  0.5
11267  0.3645
11276  0
11277  0.495
11279  0.3645
11282  0.5
11283  0.5
11284  0
11294  0
11306  0
11310  0
11313  0.5
11315  0.32805
11318  0.5
11319  0.5
11320  0
11324  0
11328  0
11331  0.45
11332  0
11334  0.5
11336  0.5
11340  0.45
11341  0.55
11343  0.5
11345  0.5
11347  1
11349  0
11354  0
11359  0.5
11361  0.5
11362  0.5
11367  0.55
11369  0.5
11372  0.5
11373  1
11378  0
11385  0.5
11386  0.5
11388  0.5
11390  0.5
11392  1
11395  0.5
11397  0.5
11398  0.5
11404  0
11406  0
11416  0.5
11422  0.5
11424  0.5
11425  0.5
11430  0.5
11431  0.5
11433  0.5
11435  0.5
11437  0.5
11443  0.5
11448  0.5
11449  0.5
11451  0.5
11453  0.5
11455  0.5
11457  0.5
11459  0.5
11462  0.5
11463  0.5
11464  0.5
11467  0.5
11469  0.5
11470  0.5
11479  0.5
11485  0.5
11487  0.5
11488  0
11502  0.45
11503  0
11505  0.5
11507  0.5
11511  0.5
11513  0.5
11516  0.5
11517  0.5
11518  0
11523  0.5
11524  0
11529  0.5
11531  0.5
11534  0.5
11535  0.5
11536  0
11540  0.5
11544  0.5
11546  0.5
11547  0.5
11548  0
11550  0.5
11552  0.5
11559  0.5
11560  0
11565  0.5
11566  0
11568  0.5
11570  1.65809e-18
11587  0.5
11593  0.5
11595  0.5
11596  0
11611  0.5
11613  0.49955
11614  0.5
11619  0.501822
11620  0.5
11622  0.496355
11624  0.5
11626  1
11632  0.5
11664  0.500905
11666  0.49915
11669  0.5
11670  0.5
11671  0.5
11675  0.5
11679  0.5
11681  0.5
11682  0.497448
11683  0.5
11685  0.5
11687  0.5
11689  0.5
11693  0.5
11697  0.5
11699  0.5
11708  0.5
11709  0.48645
11711  0.5
11714  0.5
11715  0.45
11716  0
11718  0.496222
11719  0.5
11721  0.5
11723  0.5
11725  0.5
11727  0.5
11729  0.5
11732  0.5
11733  1.98515e-20
11734  0.5
11737  0.5
11739  0.5
11740  0.5
11747  0.50017
11751  0.5
11753  0.5
11762  0
11763  0.500409
11765  0.504089
11768  0.5
11769  0.5
11770  0
11780  0.5
11792  0.55
11796  0.5
11798  1
11799  0.5
11801  0.32805
11804  0.5
11805  0.5
11806  0
11810  0
11814  0
11817  0.5
11818  0
11820  0.5
11822  0.5
11826  0.50021
11827  0.55
11829  0.499999
11831  0.5
11833  1
11835  0.5
11837  0.5
11840  0.5
11841  1
11845  0.5
11847  0.5
11848  0.5
11853  0.55
11855  0.505
11858  0.5
11859  1
11864  0.5
11870  1
11871  0.45
11872  0
11874  0.5
11876  0.5
11881  0.5
11883  0.5
11884  0.5
11889  0.5
11890  0.5
11892  0.5
11894  0.5
11896  1
11902  0.5
11909  0.496
11913  0.5
11915  0.5
11924  0
11925  0.5005
11927  0.505
11930  0.5
11931  0.5
11932  0.5
11942  0.5
11954  0.55
11958  0.5
11960  1
11961  0.488048
11963  0.45
11966  0.5
11967  0.45
11968  0.5
11972  0
11976  0
11979  0.499145
11980  0.5
11982  0.5
11984  0.5
11986  1.3226e-19
11996  0.5
12008  0.55
12012  0.5
12014  1
12044  0.5
12048  0.5
12050  0.5
12059  0
12060  0.49595
12062  0.5
12065  0.5
12066  0.45
12067  0
12069  0.55
12071  0.45
12074  0.5
12075  1
12080  0
12087  0.503281
12088  0.5
12090  0.5
12092  0.5
12094  1
12098  0.55
12104  1
12114  0.55
12116  0.5
12119  0.5
12120  1
12123  0.45
12124  0.5
12126  0.5
12128  0.5
12130  1
12132  0
12137  0
12142  0.5
12144  0.5
12145  0.5
12150  0.48699
12151  0.5
12153  0.5
12155  0.5
12157  0.5
12159  0.5
12161  0.5
12164  0.5
12165  0.5
12166  0.5
12169  0.5
12171  0.5
12172  0.5
12177  0.5
12179  0.5
12182  0.5
12183  0.5
12184  0
12188  0.5
12192  0.5
12194  0.5
12195  0.45
12196  0
12198  0.5
12200  0.5
12205  0.5
12207  0.5
12208  0.5
12213  0.5
12214  0.5
12216  0.5
12218  0.5
12220  0.5
12226  0.5
12231  0.458439
12233  0.405
12236  0.5
12237  0.405
12238  0
12242  0
12246  0
12249  0.405
12250  0
12252  0.5
12254  0.5
12260  0.5
12264  0.5
12266  0.5
12275  0
12276  0.5
12278  0.5
12281  0.5
12282  0.5
12283  0
12285  0.405
12286  0
12288  0.5
12290  0.5
12294  0
12299  0
12301  0
12306  0.5
12307  0
12313  0.5
12315  0.4995
12316  0.5
12321  0.5
12322  0.5
12324  0.5
12326  0.5
12328  1
12334  0.5
12339  0.5
12340  0
12342  0.4955
12344  0.5
12348  0.55
12350  0.5
12353  0.5
12354  1
12360  0.45
12361  0
12370  1
12376  1
12378  1
12394  0.5
12396  0.5
12397  0.5
12402  0.5
12403  0.5
12405  0.5
12407  0.5
12409  0.5
12415  0.5
12420  0.5
12421  0.5
12423  0.5
12425  0.5
12427  0.5
12429  0.5
12431  0.5
12434  0.5
12435  0.5
12436  0.5
12439  0.5
12441  0.5
12442  0.5
12451  0.5
12457  7.02884e-20
12459  0.5
12460  0
12474  0.45
12475  0
12477  0.5
12479  0.5
12483  0.5
12485  0.5
12488  0.5
12489  0.5
12490  0
12495  0.5
12496  0
12501  0.5
12503  0.455
12506  0.5
12507  0.5
12508  0
12512  0.5
12516  0.5
12518  0.5
12519  0.5
12520  0
12522  0.5
12524  0.5
12531  0.5
12532  0
12537  0.5
12538  0
12540  0.5
12542  1
12559  0.45
12565  0.5
12567  0.45
12568  0
12583  0.5
12585  0.49977
12586  0.5
12591  0.5
12592  0.5
12594  0.4779
12596  0.405
12598  1
12604  1
12636  0.45
12637  0.5
12639  0.5
12641  0.5
12643  0.5
12645  0
12650  0
12652  0
12655  0.5
12657  0.5
12658  0.5
12663  0.5
12665  0.5
12668  0.5
12669  0.5
12670  0.5
12674  0
12678  0
12681  0.5
12682  0.5
12684  0.5
12686  0.5
12688  0.5
12691  1.49228e-18
12693  0.5
12694  0.5
12700  0
12702  0
12712  0.5
12717  0.5
12719  0.32805
12722  0.5
12723  0.5
12724  0
12728  0
12732  0
12735  0.45
12736  0
12738  0.5
12740  0.5
12746  0
12750  0
12761  0
12762  0
12767  0
12769  0
12771  2.23984e-19
12772  0
12774  0.5
12776  1
12780  0
12787  0
12792  1.89975e-16
12793  0
12799  0.5
12801  0.5
12802  0.5
12808  0
12810  0
12820  1
12825  0.5
12826  0.5
12828  0.55
12830  0.5
12832  1
12834  0
12839  0
12844  1
12846  1
12856  0.5
12865  0
12883  0.5
12889  0.5
12891  0.5
12892  0
12907  0.5
12909  0.5
12910  0.5
12915  0.5
12916  0.5
12918  0.5
12920  0.5
12922  0.5
12928  0.5
12963  0.5
12964  0
12969  0.5
12970  0
12972  0.5
12974  0.5
12987  0.5
12988  0
12990  0.5
12992  0.5
12996  0.5
12998  0.5
13001  0.5
13002  0.5
13003  0
13008  0.5
13009  0
13026  0.5
13027  0
13072  0.5
13078  0.5
13080  0.405
13081  0
13123  0.5
13125  0.5
13126  0.5
13131  0.5
13132  0.5
13134  0.5
13136  0.5
13138  0.5
13144  0.5
13149  0.5
13150  0.5
13152  0.5
13154  0.5
13156  0.5
13158  0.5
13160  0.5
13163  0.5
13164  0.5
13165  0.5
13168  0.5
13170  0.5
13171  0.5
13180  0.5
13186  0.5
13188  0.5
13189  0
13203  0.5
13204  0.5
13206  0.5
13208  0.5
13210  0.5
13212  0.5
13214  0.5
13217  0.5
13218  0.5
13219  0.5
13222  0.5
13224  0.5
13225  0.5
13230  0.5
13232  0.5
13235  0.5
13236  0.5
13237  0.5
13241  0.5
13245  0.5
13247  0.5
13248  0.5
13249  0.5
13251  0.5
13253  0.5
13255  0.5
13258  0.5
13260  0.5
13261  0.5
13266  0.5
13267  0.5
13269  0.5
13271  0.5
13273  5.85872e-25
13279  0.5
13288  0.5
13294  7.55815e-29
13296  0.5
13297  0
13312  0.5
13314  0.5
13315  0.5
13320  0.5
13321  0.5
13323  0.5
13325  1
13327  0.5
13333  0.5
13365  0.5
13366  0.5
13368  0.5
13370  0.5
13372  0.5
13374  0.5
13376  0.5
13379  0.5
13380  0.5
13381  0.5
13384  0.5
13386  0.5
13387  0.5
13392  0.5
13394  0.5
13397  0.5
13398  0.5
13399  0.5
13403  0.5
13407  0.5
13409  0.5
13410  0.5
13411  0.5
13413  0.5
13415  0.5
13417  0.5
13420  0.5
13422  0.5
13423  0.5
13428  0.5
13429  0.5
13431  0.5
13433  0.5
13435  0.5
13441  0.5
13446  0.5
13448  0.5
13451  0.5
13452  0.5
13453  0.5
13457  0.5
13461  0.5
13463  0.5
13464  0.45
13465  0.5
13467  0.5
13469  0.5
13471  0.5
13475  0
13479  0
13490  0
13491  0
13496  0
13498  0
13500  0.5
13501  0.5
13503  0.5
13505  0.5
13507  0.5
13509  0.5
13511  0.5
13514  0.5
13515  0.5
13516  0.5
13519  0.5
13521  0.5
13522  0.5
13528  0.5
13530  0.5
13531  0.5
13536  0.5
13537  0.5
13539  0.5
13541  1
13543  0.5
13549  0.5
13554  0.5
13555  0.5
13557  0.5
13559  1
13561  0.5
13563  0.5
13565  1
13569  0.5
13570  0.5
13573  0.5
13575  0.5
13576  0.5
13585  0.5
13591  0.5
13593  0.5
13594  0
13612  0.5
13618  0.5
13620  0.5
13621  0
13636  0.5
13638  0.5
13639  0.5
13644  0.5
13645  0.5
13647  0.5
13649  0.5
13651  0.5
13657  1
13690  0.5
13692  0.5
13693  0.5
13698  0.5
13699  0.5
13701  0.5
13703  0.5
13705  0.5
13711  1
13716  0.5
13717  0.5
13719  0.5
13721  0.5
13723  0.5
13725  0.5
13727  0.5
13730  0.5
13731  0.5
13732  0.5
13735  1
13737  1
13747  0.5
13753  0.5
13755  0.5
13756  0
13801  0.5
13807  0.5
13809  0.5
13810  0
13851  0.500455
13852  0.5
13854  0.5
13856  0.5
13858  0.5
13860  0.5
13862  0.5
13865  0.5
13866  0.5
13867  0.5
13870  0.5
13872  0.5
13873  0.5
13878  0.5
13880  0.5
13883  0.5
13884  0.5
13885  0
13889  0.5
13893  0.5
13895  0.5
13896  0.5
13897  0
13899  0.5
13901  0.5
13906  0.5
13908  0.5
13909  0.5
13914  0.5
13915  0.5
13917  0.5
13919  0.5
13921  0.5
13927  0.5
13932  0.5
13934  0.45
13937  0.5
13938  0.45
13939  0.5
13943  0
13947  0
13950  0.5
13951  0.5
13953  0.5
13955  0.5
13957  0.32805
13961  0.5
13965  0.5
13967  0.5
13976  0
13977  0.5
13979  0.5
13982  0.5
13983  0.5
13984  0
13986  0.45
13987  0.5
13989  0.5
13991  0.5
13993  0.5
13995  0
14000  0
14002  0
14005  0.5
14007  0.5
14008  0.5
14014  0.5
14016  0.5
14017  0.5
14022  0.5
14023  0.5
14025  0.5
14027  1
14029  0.5
14035  0.5
14040  1.32927e-53
14041  0
14043  0.5
14045  1
14049  0.5
14051  1
14055  0.5
14056  0
14061  0.5
14062  0
14071  0.5
14077  0.5
14079  0.5
14080  0
14094  0.500455
14096  0.5
14099  0.5
14100  0.5
14101  0.5
14105  0.5
14109  0.5
14111  0.5
14112  0.5
14113  0.5
14115  0.5
14117  0.5
14119  0.5
14123  0.5
14127  0.5
14129  0.5
14138  0.5
14139  0.5
14141  0.5
14144  0.5
14145  0.5
14146  0
14148  0.5
14149  0.5
14151  0.5
14153  0.5
14155  0.5
14157  0.5
14159  0.5
14162  0.5
14163  0.5
14164  0.5
14167  0.5
14169  0.5
14170  0.5
14177  0.5
14181  0.5
14183  0.5
14192  0
14193  0.5
14195  0.5
14198  0.5
14199  0.5
14200  0.5
14210  0
14222  0
14226  0
14229  0.5
14231  0.5
14234  0.5
14235  0.5
14236  0.5
14240  0
14244  0
14247  0.5
14248  0.5
14250  0.5
14252  0.5
14254  0.5
14256  0.5095
14257  0.5
14259  0.5
14261  1
14263  0.5
14265  0.5
14267  1
14271  0.5
14272  0.5
14275  0.5
14277  0.5
14278  0.5
14283  0.55
14285  1
14289  0.5
14290  0
14298  0.5
14300  1
14301  0.5
14302  0
14304  0.5
14306  1
14311  0.5
14313  0.5
14314  0.5
14319  0.5
14320  0.5
14322  0.5
14324  1
14326  0.5
14332  0.5
14338  0.5
14340  0.5
14341  0.5
14346  0.5
14347  0.5
14349  0.5
14351  0.5
14353  0.5
14359  1
14364  0.5
14365  0
14367  0.5
14369  0.5
14373  0.5
14375  0.5
14378  0.5
14379  0.5
14380  0
14385  1
14395  0.5
14401  0.5
14403  0.5
14404  0
14418  0.45
14419  0.5
14421  0.5
14423  0.5
14425  0.5
14427  0
14432  0
14434  0
14437  1
14439  1
14445  0.5
14447  0.5
14450  0.5
14451  0.5
14452  0
14456  0
14460  0
14463  1
14468  1
14473  0.5
14475  0.5
14476  0.5
14482  0
14484  0
14494  1
14503  0.5
14509  0.5
14511  0.5
14512  0
14529  0.5
14530  0
14535  0.5
14536  0
14538  0.5
14540  1
14584  0.5
14590  0.5
14592  0.5
14593  0
14608  0.5
14610  0.5
14611  0.5
14616  0.5
14617  0.5
14619  0.5
14621  0.5
14623  0.5
14629  0.5
14662  0.5
14664  0.5
14665  0.5
14670  0.5
14671  0.5
14673  0.5
14675  0.5
14677  0.5
14683  0.5
14688  0.5
14689  0.5
14691  0.5
14693  0.5
14695  0.5
14697  0.5
14699  0.5
14702  0.5
14703  0.5
14704  0.5
14707  0.5
14709  0.5
14710  0.5
14719  0.5
14725  0.5
14727  0.5
14728  0
14773  2.30489e-24
14779  0.5
14781  0.5
14782  0
14824  0.5
14826  0.5
14827  0.5
14832  0.5
14833  0.5
14835  0.5
14837  0.5
14839  0.5
14845  0.5
14850  0.5
14851  0.5
14853  0.5
14855  0.5
14857  0.5
14859  0.5
14861  0.5
14864  0.5
14865  0.5
14866  0.5
14869  0.5
14871  0.5
14872  0.5
14881  0.5
14887  0.5
14889  0.5
14890  0
14904  0.5
14905  0.5
14907  0.5
14909  0.5
14911  0.5
14913  0.5
14915  0.5
14918  0.5
14919  0.5
14920  0.5
14923  0.45
14925  0.5
14926  0.5
14931  0
14936  0
14938  0
14942  0
14946  0
14950  0
14952  0
14959  0.5
14961  0.5
14962  0.5
14967  0.5
14968  0.5
14970  0.5
14972  1
14974  0.5
14980  0.5
14989  0.5
14995  0.5
14997  0.5
14998  0
15013  0.5
15015  0.5
15016  0.5
15021  0.5
15022  0.5
15024  0.5
15026  1
15028  0.5
15034  1
15097  0.5
15103  0.5
15105  0.5
15106  0
15151  0.5
15157  0.5
15159  0.5
15160  0
15175  0.5
15177  0.5
15178  0.5
15183  0.5
15184  0.5
15186  0.5
15188  0.5
15190  0.5
15196  1
15309  0.5
15310  0.499999
15312  0.5
15314  0.5
15316  0.5
15318  0.5
15320  0.5
15323  0.5
15324  0.5
15325  0.5
15328  0.5
15330  0.5
15331  0.5
15336  0.5
15338  0.5
15341  0.5
15342  0.5
15343  0.5
15347  0.5
15351  0.5
15353  0.5
15354  0.5
15355  0.5
15357  0.5
15359  0.5
15361  0.5
15364  0.5
15366  0.5
15367  0.5
15372  0.5
15373  0.5
15375  0.5
15377  0.5
15379  0.5
15385  0.5
15390  0.487958
15392  0.45
15395  0
15396  0.49733
15397  0.5
15401  0.5
15405  0.5
15407  0.5
15408  0.45
15409  0.5
15411  0
15415  0.49836
15419  0.5
15423  0.5
15425  0.5
15434  0.5
15435  0.5
15437  0.5
15440  0
15441  0.5
15442  0.5
15444  0.45
15445  0.5
15447  0
15451  0.5
15453  0.5
15455  0.5
15458  0
15459  0.5
15460  0.5
15463  0.5
15466  0
15472  0.5
15474  0.5
15475  0.5
15480  0.5
15481  0.5
15483  0.5
15485  1
15487  0.5
15493  0.5
15498  0.5
15499  0.5
15501  0.5
15503  1
15505  0.5
15507  0.5
15509  1
15513  0.5
15514  0.5
15517  0.5
15519  0.5
15520  0.5
15529  0.5
15535  0.5
15537  0.5
15538  0
15552  0.5
15554  0.5
15557  0.5
15558  0.5
15559  0.5
15563  0.5
15567  0.5
15569  0.5
15570  0.5
15571  0.5
15573  0.5
15575  0.5
15577  0.5
15581  0.5
15585  0.5
15587  0.5
15596  0.5
15597  0.5
15599  0.5
15602  0.5
15603  0.5
15604  0.5
15606  0.5
15607  0.5
15609  0.5
15611  0.5
15613  0.5
15615  0.5
15617  0.5
15620  0.5
15621  0.5
15622  0.5
15625  0.5
15627  0.5
15628  0.5
15635  0.5
15639  0.5
15641  0.5
15650  0.5
15651  0.5
15653  0.5
15656  0
15657  0.5
15658  0.496719
15668  0
15680  0
15684  0
15687  0.5
15689  0.5
15692  0
15693  0.5
15694  0.5
15698  0.5
15702  0.5
15704  0.5
15705  0.5
15706  0.5
15708  0
15712  0.5
15714  0.5
15715  0.5
15717  0.5
15719  1
15721  0.5
15723  0.5
15725  1
15729  0.5
15730  0.5
15733  0.5
15735  0.5
15736  0.5
15741  0.5
15743  1
15747  0.5
15748  0.5
15756  0.5
15758  1
15759  0.5
15760  0.5
15762  0.5
15764  1
15766  0.5
15769  0.5
15771  0.5
15772  0.5
15777  0.5
15778  0.5
15780  0.5
15782  1
15784  0.5
15790  0.5
15796  0.5
15798  0.5
15799  0.5
15804  0.5
15805  0.5
15807  0.5
15809  0.5
15811  0.5
15817  1
15822  0.5
15823  0.5
15825  0.5
15827  0.5
15829  0.5
15831  0.5
15833  0.5
15836  0.5
15837  0.5
15838  0.5
15841  1
15843  1
15853  0.5
15859  0.5
15861  0.5
15862  0
15876  0.45
15877  0.5
15879  0
15883  0.5
15885  0.5
15887  0.5
15890  0
15891  0.5
15892  0.5
15895  1
15903  0.5
15905  0.5
15908  0
15909  0.5
15910  0.5
15914  0.5
15918  0.5
15920  0.5
15921  1
15928  1
15931  0.5
15934  0
15939  0.5
15940  0.5
15942  0
15946  0.5
15961  0.5
15967  0.5
15969  0.5
15970  0
15985  0.5
15987  0.5
15988  0.5
15993  0.5
15994  0.5
15996  0.5
15998  1
16000  0.5
16006  1
16038  0.5005
16040  0.5
16043  0.5
16044  0.5
16045  0.5
16049  0.5
16053  0.5
16055  0.5
16056  0.5
16057  0.5
16059  0.5
16061  0.5
16063  0.5
16067  0.5
16071  0.5
16073  0.5
16082  0.5
16083  0.5
16085  0.5
16088  0.5
16089  0.5
16090  0
16092  0.5
16093  0.5
16095  0.5
16097  0.5
16099  0.5
16101  0.5
16103  0.5
16106  0.5
16107  0.5
16108  0.5
16111  0.5
16113  0.5
16114  0.5
16121  0.5
16125  0.49569
16127  0.5
16136  0
16137  0.55
16139  0.5
16142  0
16143  0.51355
16144  0.55
16154  0.5
16166  0.5
16170  0.55
16172  1
16173  0.5
16175  0.5
16178  0
16179  6.22962e-21
16180  0.5
16184  0
16188  0
16191  0.5
16192  0.5
16194  0
16198  0.5
16200  0.505
16201  0.5
16203  0.5
16205  1
16207  0.5
16209  0.5
16211  1
16215  0.5
16216  0.5
16219  0.5
16221  0.5
16222  0.5
16227  0.55
16229  1
16233  0.5
16234  0
16242  0.5
16244  1
16245  0.5
16246  0
16248  0.5
16250  1
16255  0.5
16257  0.5
16258  0.5
16263  0.5
16264  0.5
16266  0.5
16268  1
16270  0.5
16276  0.5
16283  0.5
16287  0.5
16289  0.5
16298  0.5
16299  0.5
16301  0.5
16304  0.5
16305  0.5
16306  0.5
16316  0.5
16328  0.5
16332  0.5
16334  1
16335  0.5
16337  0.5
16340  0.5
16341  0.5
16342  0.5
16346  0.5
16350  0.5
16352  0.5
16353  0.5
16354  0.5
16356  0.5
16358  0.5
16360  0.5
16370  0.5
16382  0.5
16386  0.55
16388  1
16418  0.5
16422  0.5
16424  0.5
16433  0
16434  0.5
16436  0.5
16439  0
16440  0.5
16441  0.5
16443  0.55
16445  1
16449  0.5
16450  0.5
16458  0.5
16460  1
16461  0.5
16462  0.5
16464  0.5
16466  1
16468  8.81178e-19
16476  0.5
16478  1
16488  0.5
16490  1
16494  0.5
16495  0
16497  0.5
16498  0.5
16500  0.5
16502  1
16504  0.5
16506  0.5
16508  1
16512  0.5
16513  0.5
16516  0.5
16518  0.5
16519  0.5
16524  0.505
16525  0.5
16527  0.5
16529  0.5
16531  0.5
16533  0.5
16535  0.5
16538  0.5
16539  0.5
16540  0.5
16543  1
16545  1
16551  0.5
16553  0.5
16556  0.5
16557  0.5
16558  0
16562  0.5
16566  0.5
16568  0.5
16569  1
16574  1
16579  0.5
16581  0.5
16582  0.5
16587  0.5
16588  0.5
16590  0.5
16592  0.5
16594  0.5
16600  1
16605  0.55
16607  0.5
16610  0
16611  0.45
16612  0.5
16616  0
16620  0
16623  1
16630  1
16634  0.5
16638  0.5
16640  0.5
16649  0
16652  1
16656  1
16659  0.5
16660  0.5
16662  0
16666  4.21465e-19
16668  0
16673  0
16675  0
16678  1
16687  0.5
16689  0.5
16690  0.5
16695  0.5
16696  0.5
16698  0.5
16700  1
16702  3.91141e-17
16708  1
16713  0.5
16714  0
16716  0.5
16718  1
16722  0.5
16724  1
16728  2.27447e-18
16729  0
16734  1
16744  1
16750  1
16752  1
16768  0.499995
16770  0.5
16771  0.5
16776  0.5
16777  0.5
16779  0.5
16781  0.5
16783  0.5
16789  9.94228e-18
16794  0.5
16795  0.5
16797  0.5
16799  0.5
16801  0.5
16803  0.5
16805  0.5
16808  0.5
16809  0.5
16810  0.5
16813  0.5
16815  0.5
16816  0.5
16825  0.5
16831  0.5
16833  0.5
16834  0
16848  0.45
16849  0.5
16851  0
16855  0.5
16857  0.5
16859  0.5
16862  0
16863  0.5
16864  0.5
16867  0.5
16870  0
16875  0.5
16877  0.5
16880  0
16881  0.45
16882  0.5
16886  0.5
16890  0.5
16892  0.5
16893  0.45
16894  0.5
16896  0
16900  0.5
16903  0.5
16906  0
16911  0.5
16912  0.5
16914  0
16918  0.5
16933  2.72312e-20
16939  0.5
16941  0.5
16942  0
16957  0.5
16959  0.5
16960  0.5
16965  0.5
16966  0.5
16968  0.5
16970  1
16972  0.5
16978  1
17010  0.5
17011  0.49995
17013  0.5
17015  0.5
17017  0.5
17019  0.5
17021  0.5
17024  0.5
17025  0.5
17026  0.5
17029  0.5
17031  0.5
17032  0.5
17037  0.5
17039  0.5
17042  0.5
17043  0.5
17044  0.5
17048  0.5
17052  0.5
17054  0.5
17055  0.5
17056  0.5
17058  0.5
17060  0.5
17062  0.5
17065  0.5
17067  0.5
17068  0.5
17073  0.5
17074  0.5
17076  0.5
17078  1
17080  0.5
17086  0.5
17091  0.5
17093  0.5
17096  0
17097  1.22744e-17
17098  0.5
17102  0.5
17106  0.5
17108  0.5
17109  0.5
17110  0.5
17112  0
17116  0.45
17120  0
17124  0
17135  0
17136  0
17141  0
17143  0
17145  0.5
17146  0.5
17148  0
17152  0.5
17154  0.5
17156  1
17160  0.5
17161  0.5
17164  0.5
17167  0
17173  0.4995
17175  0.5
17176  0.5
17181  0.5
17182  0.495
17184  0.5
17186  1
17188  0.5
17194  1
17199  0.5
17200  0.5
17202  0.5
17204  1
17206  0.5
17208  0.5
17210  1
17214  0.5
17215  0.5
17218  1
17220  1
17230  0.5
17236  0.45
17238  0.5
17239  0
17257  0.5
17263  0.5
17265  0.5
17266  0
17281  0.5
17283  0.5
17284  0.5
17289  0.5
17290  0.5
17292  0.5
17294  0.5
17296  0.5
17302  1
17335  0.5
17338  0
17343  0.5
17344  0.5
17346  0
17350  0.5
17361  0.5
17362  0.5
17364  0
17368  0.5
17370  0.5
17372  0.5
17375  0
17376  0.5
17377  0.5
17380  1
17398  0.5
17401  0
17446  0.5
17452  0.5
17454  0.5
17455  0
17500  0.5
17506  0.5
17508  0.5
17509  0
17524  0.5
17526  0.5
17527  0.5
17532  0.5
17533  0.5
17535  0.5
17537  0.5
17539  0.5
17545  0.5
17578  0.5
17580  0.5
17581  0.5
17586  0.5
17587  0.5
17589  0.5
17591  0.5
17593  0.5
17599  0.5
17604  0.5
17605  0.5
17607  0.5
17609  0.5
17611  0.5
17613  0.5
17615  0.5
17618  0.5
17619  0.5
17620  0.5
17623  1.42514e-21
17625  0.5
17626  0.5
17635  0.5
17641  0.5
17643  0.5
17644  0
17689  0.5
17695  0.5
17697  0.5
17698  0
17740  0.5
17742  0.5
17743  0.5
17748  0.5
17749  0.5
17751  0.5
17753  0.5
17755  0.5
17761  0.5
17766  0.5
17767  0.5
17769  0.5
17771  0.5
17773  0.5
17775  0.5
17777  0.5
17780  0.5
17781  0.5
17782  0.5
17785  0.5
17787  0.5
17788  0.5
17797  0.5
17803  0.5
17805  0.5
17806  0
17820  0.5
17821  0.5
17823  0.5
17825  0.5
17827  0.5
17829  0.5
17831  0.5
17834  0.5
17835  0.5
17836  0.5
17839  0.5
17841  0.5
17842  0.5
17847  0
17852  0
17854  0
17858  0
17862  0
17866  0
17868  0
17875  0.5
17877  0.5
17878  0.5
17883  0.5
17884  0.5
17886  0.5
17888  0.5
17890  0.5
17896  0.5
17905  0.5
17911  0.5
17913  0.5
17914  0
17929  0.5
17931  0.5
17932  0.5
17937  0.5
17938  0.5
17940  0.5
17942  1
17944  1
17950  0.5
18013  0.5
18019  1.20875e-18
18021  0.5
18022  0
18067  0.5
18073  0.5
18075  0.5
18076  0
18091  0.5
18093  0.5
18094  0.5
18099  0.5
18100  0.5
18102  0.5
18104  0.5
18106  0.5
18112  1
18226  0.5
18228  0.5
18229  0.5
18234  0.5
18235  0.5
18237  0.5
18239  0.5
18241  0.5
18247  0.5
18252  0.5
18253  0
18255  0.5
18257  0.5
18261  0.5
18263  0.5
18266  0.5
18267  0.5
18268  0
18273  0.5
18274  0
18283  0.5
18289  0.5
18291  0.5
18292  0
18306  0.455
18307  0.5
18309  0.5
18311  0.5
18313  0.5
18315  0
18320  0
18322  0
18325  0.5
18327  0.5
18328  0.5
18333  0.5
18335  0.5
18338  0.5
18339  0.5
18340  0
18344  0
18348  0
18351  0.5
18352  0
18354  0.5
18356  0.5
18361  0.5
18363  0.5
18364  0.5
18370  0
18372  0
18382  0.5
18391  0.5
18397  0.5
18399  0.5
18400  0
18417  0.5
18418  0
18423  0.5
18424  0
18426  0.5
18428  1
18468  0.4995
18469  0.5
18471  0.5
18473  0.5
18475  0.5
18477  0.5
18479  0.5
18482  0.5
18483  0.5
18484  0.5
18487  0.5
18489  0.5
18490  0.5
18495  0.5
18497  0.5
18500  0.5
18501  0.5
18502  0
18506  0.5
18510  0.5
18512  0.5
18513  0.5
18514  0
18516  0.5
18518  0.5
18523  0.5
18525  0.5
18526  0.5
18531  0.5
18532  0.5
18534  0.5
18536  0.5
18538  0.5
18544  0.5
18549  0.495
18551  0.5
18554  0.5
18555  0.5
18556  0.5
18560  0
18564  0
18567  0.45
18568  0.5
18570  0.5
18572  0.5
18574  0.5
18578  0
18582  0
18593  0
18594  0
18599  0
18601  0
18603  0.45
18604  0.5
18606  0.5
18608  0.5
18610  0.5
18612  0
18617  0
18619  0
18622  0.5
18624  0.5
18625  0.5
18631  0.5
18633  0.5
18634  0.5
18639  0.5
18640  0.5
18642  0.5
18644  1
18646  1
18652  0.5
18657  0.5
18658  0
18660  0.5
18662  1
18666  0.5
18668  1
18672  1
18678  0.5
18679  0
18688  2.56628e-17
18694  1.70977e-16
18696  0.5
18697  0
18715  0.5
18721  0.5
18723  0.5
18724  0
18741  0.5
18742  0
18747  0.5
18748  0
18750  0.5
18752  0.5
18793  0.5
18795  0.5
18796  0.5
18802  0
18804  0
18814  1
18819  0.5
18820  0
18822  0.5
18824  0.5
18828  0
18833  0
18835  0
18840  1
18850  0.5
18859  0
18912  0.5
18913  0
18985  1
18991  1
18993  1
19039  1
19045  1
19047  1
19063  1
19065  1
19071  1
19076  1
19078  1
19084  1
19201  1
19207  1
19209  1
19225  1
19227  1
19233  1
19238  1
19240  1
19246  1
19279  1
19281  1
19287  1
19292  1
19294  1
19300  1
19336  1
19342  1
19344  1
19390  1
19396  1
19398  1
19552  1
19558  1
19560  1
